Selfish Miner Profit, Block Vakue
0.242248, 2499965784
0.247774, 2500053763
0.252551, 2499976872
0.259736, 2500010037
0.24776, 2500006394
0.251362, 2500016843
0.249303, 2500046795
0.250721, 2499866380
0.250671, 2500100769
0.240318, 2499997480
0.257413, 2499996312
0.25381, 2499957086
0.249589, 2499929883
0.241348, 2500040298
0.25302, 2500014258
0.248349, 2499942455
0.246171, 2500083668
0.257121, 2500000514
0.241379, 2499969651
0.238411, 2500079821
0.248678, 2499951411
0.257506, 2499921520
0.243856, 2500070913
0.252061, 2499900316
0.246905, 2499944161
0.249407, 2499972132
0.241283, 2500047053
0.253508, 2499989056
0.248419, 2499962693
0.244429, 2499995876
0.247493, 2500007894
0.26125, 2500066388
0.255086, 2500006348
0.252666, 2499907377
0.258355, 2500037098
0.249155, 2499997867
0.24958, 2500038794
0.247019, 2499857170
0.260431, 2499970989
0.249666, 2500080159
0.250863, 2500062064
0.250647, 2499971926
0.253092, 2499964783
0.243876, 2499954111
0.244318, 2500017873
0.251218, 2499983128
0.243187, 2500034878
0.248186, 2500066115
0.250885, 2499917150
0.254498, 2499964086
0.25083, 2500123532
0.2504, 2499959979
0.247228, 2499992236
0.249895, 2500013305
0.249362, 2500101952
0.250093, 2500025001
0.242854, 2499992282
0.250252, 2499940009
0.248913, 2499947185
0.24927, 2499959290
0.252707, 2500000412
0.24662, 2500010978
0.249505, 2500041413
0.243517, 2499928969
0.244227, 2500024805
0.250068, 2499958487
0.251986, 2499909651
0.25196, 2500041625
0.251797, 2499987205
0.252755, 2499915704
0.249195, 2500024757
0.244253, 2500078845
0.249343, 2499988371
0.252699, 2499928110
0.249446, 2500037740
0.251928, 2500040699
0.247918, 2500032411
0.24963, 2499940896
0.250866, 2499979803
0.25911, 2500007286
0.247491, 2500037264
0.246076, 2500001645
0.255721, 2500013538
0.238531, 2499959340
0.248969, 2500009107
0.246919, 2499971263
0.247416, 2499992777
0.251681, 2500074645
0.258079, 2499947954
0.249754, 2499972630
0.25596, 2500063384
0.25424, 2499998168
0.252902, 2499924069
0.248578, 2499994754
0.250325, 2499991079
0.257961, 2500078201
0.254945, 2499978483
0.252219, 2499899620
0.241107, 2500029601
0.253702, 2500009563
0.240675, 2500035451
0.254513, 2499986258
0.250563, 2500027323
0.250504, 2499945401
0.247217, 2500006050
0.251523, 2500003756
0.249814, 2500062209
0.250546, 2500003554
0.265651, 2500039353
0.256503, 2499907664
0.254158, 2499892553
0.253279, 2500050123
0.252791, 2500050854
0.251998, 2499952085
0.244425, 2499984151
0.255841, 2500010701
0.245246, 2500018661
0.244144, 2499965252
0.257945, 2499960357
0.250572, 2499908324
0.239566, 2499989190
0.251889, 2499989508
0.246113, 2500089194
0.246859, 2500008895
0.257229, 2500008373
0.25829, 2500010270
0.253433, 2500087971
0.250186, 2500041900
0.241754, 2500075018
0.25299, 2499951003
0.262536, 2499946335
0.252472, 2500070671
0.251726, 2499991673
0.251582, 2500038057
0.255705, 2499909810
0.255327, 2500058631
0.261192, 2500022451
0.246269, 2499942957
0.256167, 2500044740
0.253502, 2500020877
0.248524, 2500086331
0.246174, 2500006052
0.251269, 2499945546
0.248824, 2499969350
0.246898, 2500032861
0.245001, 2500009767
0.253, 2499951064
0.24469, 2500118455
0.249721, 2500005279
0.249777, 2500069833
0.252475, 2500099171
0.244723, 2499980411
0.245147, 2499978199
0.253771, 2500101298
0.25677, 2500023309
0.255871, 2500021077
0.250274, 2500025142
0.251406, 2499902618
0.239423, 2500040859
0.250894, 2500027845
0.249115, 2500068891
0.251809, 2499984799
0.243959, 2499966521
0.254503, 2500033494
0.248515, 2499948028
0.259679, 2500000691
0.23788, 2500048492
0.26066, 2499979408
0.247127, 2500015246
0.261525, 2500015797
0.247199, 2499966349
0.262444, 2499954885
0.248761, 2500017842
0.241507, 2500073771
0.25053, 2500032937
0.241567, 2500009176
0.251697, 2499941143
0.253546, 2499922602
0.256392, 2499953912
0.244804, 2500094842
0.249208, 2499991281
0.258616, 2500014941
0.240086, 2499986675
0.252944, 2499918756
0.254018, 2500019515
0.253949, 2500025696
0.252962, 2500024936
0.242659, 2499927238
0.246037, 2500015567
0.254935, 2500051121
0.261541, 2499949278
0.243807, 2499991932
0.257164, 2500026233
0.24938, 2500012755
0.261427, 2499880553
0.248355, 2499961426
0.259846, 2500040311
0.253069, 2499915966
0.256169, 2499958373
0.24748, 2499930395
0.263188, 2499984321
0.247506, 2499949816
0.247607, 2500056331
0.259036, 2500028113
0.245097, 2500021330
0.260965, 2500018018
0.24536, 2500059603
0.25434, 2499958993
0.252238, 2500005384
0.246776, 2499984168
0.26203, 2500008032
0.250438, 2499959435
0.249496, 2500006184
0.25654, 2499951318
0.249463, 2500059173
0.249928, 2500008425
0.252984, 2499967648
0.245465, 2500007252
0.254534, 2499961847
0.250534, 2500057250
0.254294, 2500026200
0.252891, 2500050110
0.250417, 2499958979
0.257298, 2499983687
0.249646, 2499993905
0.254501, 2499950332
0.245027, 2500020590
0.247186, 2500056400
0.246058, 2500024933
0.255943, 2500040608
0.25119, 2500035809
0.254246, 2499936779
0.26251, 2499940516
0.251418, 2499932041
0.257141, 2499916181
0.247587, 2500003011
0.251723, 2499957740
0.24584, 2500040362
0.238559, 2500068809
0.259257, 2500035022
0.240635, 2499990945
0.262405, 2500018686
0.250033, 2499995352
0.253638, 2499982553
0.250352, 2500032379
0.263976, 2500017593
0.25365, 2500026902
0.252015, 2500040726
0.247011, 2500043613
0.254955, 2499960898
0.250699, 2500082132
0.260622, 2500013940
0.2579, 2500047607
0.247549, 2500053619
0.257145, 2500022289
0.23241, 2499935318
0.248768, 2499910129
0.252276, 2499973309
0.248101, 2500020008
0.240265, 2499978041
0.256387, 2499924772
0.239829, 2499998210
0.256981, 2499945125
0.250942, 2499988211
0.251021, 2499974923
0.255101, 2500033031
0.253248, 2500052643
0.252794, 2500088825
0.26584, 2499973925
0.258296, 2500044461
0.258943, 2499975058
0.259136, 2499978042
0.25343, 2499944788
0.248984, 2500002563
0.25529, 2500066237
0.254594, 2499917965
0.25992, 2500129354
0.247574, 2499953055
0.257986, 2500064955
0.252535, 2499955049
0.24467, 2499990406
0.244678, 2500085219
0.252265, 2500063246
0.262269, 2500001208
0.252602, 2499894090
0.254915, 2500035369
0.25469, 2499944256
0.251211, 2499979170
0.256009, 2500025095
0.259201, 2499923967
0.249341, 2499995874
0.254253, 2500023108
0.253538, 2500055817
0.243122, 2500037718
0.250671, 2500032722
0.244574, 2500041787
0.248189, 2499964247
0.260126, 2500043874
0.259647, 2499955733
0.260581, 2499990298
0.242471, 2500103779
0.259089, 2500019061
0.258602, 2500006480
0.24914, 2500066607
0.266342, 2499889220
0.262291, 2499990594
0.25226, 2499940599
0.246314, 2499983456
0.249372, 2499982226
0.251254, 2499994977
0.25128, 2499958587
0.25121, 2500023709
0.249639, 2499902446
0.252814, 2500081873
0.251819, 2499956070
0.251542, 2499935977
0.244263, 2499951907
0.248704, 2499975975
0.254053, 2500050600
0.245101, 2499928144
0.249284, 2500089898
0.251451, 2500021597
0.250431, 2499945580
0.247135, 2499946769
0.249407, 2499936588
0.25132, 2500058495
0.259274, 2499974598
0.24244, 2500014224
0.245393, 2499944153
0.249799, 2500058536
0.260234, 2499953745
0.23864, 2499985797
0.253563, 2500085892
0.247267, 2499953219
0.254636, 2500028697
0.250208, 2499965614
0.24199, 2499972479
0.254815, 2500010408
0.246417, 2499999240
0.25497, 2500022175
0.258276, 2500031650
0.2526, 2500027298
0.25784, 2500067298
0.247618, 2499948375
0.252477, 2500049851
0.255468, 2500058601
0.253724, 2500020992
0.246718, 2499991566
0.250883, 2500023488
0.253138, 2500022084
0.249127, 2499986321
0.242054, 2499937470
0.248611, 2500065791
0.245816, 2499998617
0.247612, 2500126030
0.24886, 2500020599
0.25474, 2500007077
0.253344, 2499990486
0.250379, 2499968991
0.247699, 2500083112
0.249828, 2499982220
0.253236, 2500045919
0.250485, 2500046048
0.245549, 2499998110
0.26046, 2499977038
0.247264, 2499920485
0.24891, 2500031806
0.247101, 2500011952
0.25449, 2500003614
0.255359, 2500068517
0.249215, 2499947535
0.254735, 2499955148
0.248858, 2499953895
0.249504, 2500036625
0.251233, 2499972773
0.240562, 2499953209
0.250609, 2500017215
0.243701, 2500024139
0.260861, 2499966234
0.250829, 2500028273
0.249021, 2500048088
0.253682, 2499973604
0.253597, 2500015190
0.261242, 2499926231
0.243124, 2499975892
0.265092, 2499982007
0.254799, 2500037985
0.258542, 2499956626
0.268842, 2499952177
0.258567, 2499958355
0.255592, 2500001554
0.264456, 2499978074
0.255717, 2500006893
0.24854, 2499933351
0.247449, 2500187466
0.25075, 2499938772
0.248045, 2499905025
0.250799, 2499982846
0.257306, 2500115326
0.247881, 2500015269
0.250085, 2499944738
0.255316, 2500024766
0.262207, 2500009887
0.252983, 2499994507
0.259869, 2499959224
0.259803, 2500135821
0.243212, 2499917040
0.245476, 2500043087
0.245525, 2499946823
0.252342, 2499910671
0.25012, 2500017329
0.249917, 2499977271
0.24934, 2500076641
0.257438, 2499938368
0.250767, 2500012794
0.249331, 2499961186
0.251331, 2500017824
0.251082, 2500049704
0.25524, 2500090490
0.25134, 2500022169
0.250682, 2500074927
0.248548, 2499996053
0.251359, 2500034993
0.240608, 2499970817
0.247535, 2499888833
0.256782, 2499977481
0.257687, 2499915663
0.252191, 2499980083
0.261332, 2500018019
0.245518, 2499911176
0.256332, 2500077417
0.246537, 2499927196
0.257508, 2499977224
0.246248, 2499994718
0.255483, 2499958587
0.248613, 2500021161
0.248534, 2499940440
0.249883, 2499966788
0.253384, 2500043991
0.260655, 2500031975
0.252031, 2500014729
0.25218, 2500040469
0.253311, 2500010305
0.252452, 2499999701
0.251861, 2500055547
0.256246, 2499953983
0.259081, 2499933963
0.249114, 2500118572
0.242898, 2499900795
0.250768, 2499935335
0.252014, 2500091215
0.249266, 2499959997
0.248756, 2499995400
0.246786, 2500087704
0.246465, 2500014848
0.251209, 2499926221
0.240778, 2500002882
0.249308, 2500071259
0.262036, 2500005431
0.259558, 2499960931
0.245215, 2500033793
0.25505, 2499920614
0.250289, 2500054989
0.257456, 2499976271
0.243141, 2500062207
0.247381, 2499900974
0.256494, 2500022887
0.235296, 2500051999
0.254223, 2500002494
0.256498, 2499978077
0.247721, 2499978275
0.253813, 2499922889
0.253813, 2499891464
0.254398, 2499939037
0.252034, 2500030223
0.254175, 2500022307
0.241357, 2499999522
0.257994, 2499961097
0.253428, 2500086397
0.248513, 2500020649
0.256618, 2500019478
0.246801, 2500158673
0.25235, 2499998444
0.249407, 2499923630
0.239425, 2500010623
0.256673, 2499966335
0.250557, 2499923854
0.251084, 2499923902
0.243152, 2499985429
0.252216, 2499969463
0.254338, 2500081196
0.251805, 2499976590
0.248924, 2500001936
0.254436, 2500006284
0.254317, 2500068595
0.2481, 2499964347
0.249479, 2499916341
0.249411, 2500027418
0.257462, 2499874083
0.244954, 2500035259
