Selfish Miner Profit, Block Vakue
0.248839, 12752655
0.252544, 12758943
0.254287, 12753447
0.259038, 12755819
0.25471, 12755558
0.255573, 12756305
0.245561, 12758445
0.253452, 12745554
0.249978, 12762302
0.250981, 12754919
0.253381, 12754835
0.248563, 12752033
0.262426, 12750090
0.249452, 12757981
0.259795, 12756120
0.240084, 12750988
0.249249, 12761080
0.249555, 12755138
0.255053, 12752931
0.251234, 12760805
0.243523, 12751628
0.252384, 12749493
0.25551, 12760169
0.256502, 12747978
0.262282, 12751110
0.262278, 12753108
0.248405, 12758464
0.249683, 12754317
0.253579, 12752434
0.260085, 12754804
0.24949, 12755665
0.254948, 12759845
0.252223, 12755555
0.264014, 12748483
0.241687, 12757752
0.255955, 12754946
0.250593, 12757873
0.253864, 12744896
0.258449, 12753026
0.249453, 12760829
0.251537, 12759536
0.253285, 12753093
0.251953, 12752583
0.249649, 12751821
0.252218, 12756379
0.254183, 12753893
0.256361, 12757594
0.259606, 12759826
0.248911, 12749181
0.24737, 12752533
0.248195, 12763929
0.260109, 12752240
0.249348, 12754544
0.257793, 12756052
0.257358, 12762387
0.24567, 12756888
0.258293, 12754547
0.246621, 12750814
0.256064, 12751326
0.244655, 12752191
0.243744, 12755131
0.243861, 12755886
0.256176, 12758061
0.245132, 12750025
0.244115, 12756874
0.246173, 12752133
0.257493, 12748645
0.248104, 12758076
0.249637, 12754185
0.245096, 12749077
0.244297, 12756870
0.255937, 12760735
0.251798, 12754268
0.250808, 12749964
0.247288, 12757798
0.257067, 12758010
0.250232, 12757417
0.24541, 12750877
0.242859, 12753656
0.240173, 12755622
0.244957, 12757764
0.258379, 12755219
0.257388, 12756069
0.256545, 12752194
0.247651, 12755752
0.250598, 12753046
0.254109, 12754583
0.249589, 12760435
0.25937, 12751381
0.247763, 12753144
0.249864, 12759631
0.257686, 12754968
0.247142, 12749675
0.244702, 12754724
0.263969, 12754461
0.248329, 12760689
0.24541, 12753562
0.25198, 12747929
0.252961, 12757217
0.257343, 12755785
0.252109, 12757635
0.261411, 12754117
0.249415, 12757054
0.246798, 12751199
0.246672, 12755534
0.248028, 12755370
0.24736, 12759547
0.246979, 12755355
0.253934, 12757913
0.24694, 12748503
0.256661, 12747424
0.257684, 12758683
0.252403, 12758735
0.250936, 12751676
0.258939, 12753967
0.262866, 12755866
0.25323, 12756435
0.260766, 12752617
0.255964, 12752267
0.252917, 12748550
0.258209, 12754326
0.241345, 12754349
0.256389, 12761475
0.246152, 12755737
0.259938, 12755700
0.252275, 12755835
0.250824, 12761388
0.259096, 12758095
0.247756, 12760462
0.243613, 12751599
0.257023, 12751265
0.239316, 12760151
0.249688, 12754504
0.250668, 12757821
0.238534, 12748656
0.253247, 12759291
0.252092, 12756706
0.249005, 12751024
0.241665, 12758298
0.253413, 12756593
0.256472, 12761270
0.244024, 12755534
0.254622, 12751209
0.251888, 12752909
0.250278, 12757450
0.256766, 12755799
0.256361, 12751603
0.261029, 12763566
0.254279, 12755479
0.255815, 12760092
0.258407, 12762188
0.251521, 12753699
0.24257, 12753541
0.253475, 12762340
0.247989, 12756767
0.243344, 12756608
0.24221, 12756898
0.253472, 12748143
0.250215, 12758021
0.24276, 12757091
0.256039, 12760024
0.24669, 12754013
0.254858, 12752707
0.241733, 12757495
0.253537, 12751386
0.250673, 12755151
0.2392, 12758566
0.24924, 12753628
0.241427, 12756191
0.245001, 12756230
0.249513, 12752695
0.25687, 12751876
0.251148, 12756376
0.249659, 12760373
0.247394, 12757455
0.25073, 12755757
0.25415, 12750895
0.242512, 12749570
0.24108, 12751807
0.246422, 12761879
0.253422, 12754476
0.252369, 12756169
0.249317, 12754147
0.252056, 12749295
0.247593, 12756496
0.25441, 12756938
0.248936, 12756883
0.251102, 12749901
0.246284, 12756214
0.251897, 12758754
0.247593, 12751476
0.264798, 12754522
0.246154, 12756976
0.24568, 12756013
0.257896, 12746567
0.256081, 12752343
0.256198, 12757982
0.255742, 12749096
0.258997, 12752125
0.251133, 12750127
0.24563, 12753979
0.254861, 12751514
0.258224, 12759127
0.251427, 12757110
0.259487, 12756626
0.247748, 12756389
0.256528, 12759361
0.252644, 12752170
0.253763, 12755486
0.252666, 12753968
0.256754, 12755675
0.24474, 12752201
0.25325, 12755543
0.254384, 12751621
0.2629, 12759330
0.250276, 12755703
0.251659, 12752788
0.25734, 12755620
0.252303, 12752373
0.255785, 12759192
0.248074, 12756974
0.247511, 12758682
0.251416, 12752169
0.253288, 12753933
0.246879, 12754663
0.260194, 12751551
0.25457, 12756573
0.255565, 12759132
0.256441, 12756883
0.257307, 12758003
0.246439, 12757660
0.251989, 12750583
0.246725, 12750850
0.252298, 12750244
0.240617, 12749112
0.255019, 12755317
0.255769, 12752080
0.244829, 12757986
0.25507, 12760018
0.255765, 12757604
0.249972, 12754452
0.251091, 12756437
0.257973, 12754767
0.252793, 12753852
0.250819, 12757415
0.256306, 12756359
0.24557, 12757024
0.252494, 12758012
0.249227, 12758218
0.245771, 12752306
0.245084, 12760970
0.253351, 12756097
0.246377, 12758503
0.246661, 12758933
0.257171, 12756694
0.254542, 12750478
0.247612, 12748679
0.242329, 12753192
0.255846, 12756531
0.256579, 12753530
0.245947, 12749725
0.242054, 12754971
0.261988, 12751179
0.252094, 12755944
0.258641, 12753307
0.248063, 12757462
0.245329, 12758863
0.255228, 12761449
0.255627, 12753236
0.244909, 12758279
0.247921, 12753317
0.255482, 12753530
0.250525, 12751155
0.252755, 12755285
0.257165, 12759835
0.244369, 12749239
0.248267, 12764345
0.255462, 12751745
0.244902, 12759743
0.254381, 12751888
0.253483, 12754413
0.244847, 12761191
0.248997, 12759621
0.248791, 12755188
0.244655, 12747534
0.257949, 12757629
0.249894, 12751117
0.259132, 12753611
0.250959, 12756895
0.25803, 12749668
0.247394, 12754804
0.249655, 12756753
0.257514, 12759090
0.24767, 12757797
0.257887, 12757440
0.252815, 12758087
0.250408, 12752545
0.245434, 12758237
0.246839, 12751937
0.254912, 12754406
0.256957, 12762517
0.254004, 12756463
0.249711, 12755564
0.248568, 12759861
0.257495, 12747186
0.266009, 12754427
0.246456, 12750856
0.247404, 12753917
0.243302, 12753829
0.25444, 12754740
0.249892, 12752141
0.256272, 12756796
0.241683, 12748130
0.254547, 12760952
0.25266, 12751961
0.242487, 12750526
0.245491, 12751663
0.251638, 12753383
0.258675, 12758717
0.250998, 12749966
0.249818, 12761525
0.252202, 12756645
0.247684, 12751211
0.252573, 12751296
0.254631, 12750569
0.241311, 12759281
0.246091, 12753284
0.245383, 12756118
0.259016, 12751110
0.246769, 12759284
0.247019, 12751795
0.252273, 12754084
0.240354, 12761239
0.245558, 12751757
0.247019, 12757152
0.248496, 12752642
0.249503, 12753133
0.256222, 12755845
0.249182, 12755044
0.244896, 12756686
0.263894, 12757363
0.257403, 12757052
0.243134, 12759910
0.249393, 12751411
0.251657, 12758664
0.249555, 12759289
0.251922, 12756601
0.257471, 12754496
0.257701, 12756780
0.24964, 12756679
0.243425, 12754122
0.26139, 12750632
0.2485, 12759803
0.248428, 12755000
0.258513, 12764107
0.259942, 12756573
0.258289, 12755607
0.251063, 12754419
0.255593, 12752884
0.264355, 12761040
0.260704, 12753829
0.251561, 12758383
0.249516, 12758392
0.253289, 12754964
0.254649, 12753458
0.255921, 12749419
0.251046, 12757374
0.248161, 12755955
0.250599, 12755360
0.247262, 12759997
0.24621, 12751351
0.25496, 12751895
0.250119, 12751805
0.25519, 12757719
0.254709, 12753154
0.253784, 12751756
0.248827, 12756332
0.255219, 12756826
0.248783, 12752687
0.248952, 12757122
0.256872, 12758538
0.244675, 12753213
0.245521, 12756187
0.252287, 12749829
0.248582, 12753377
0.259105, 12753813
0.253303, 12757816
0.238519, 12752000
0.253852, 12751683
0.244305, 12752124
0.249399, 12755212
0.245556, 12753532
0.246993, 12755594
0.248625, 12750338
0.249705, 12768497
0.255501, 12750725
0.258778, 12748315
0.246028, 12753873
0.246891, 12763342
0.246182, 12756192
0.24956, 12751151
0.242591, 12756871
0.243076, 12755808
0.253286, 12754706
0.257503, 12752186
0.247598, 12764807
0.250199, 12749173
0.254139, 12758180
0.253831, 12751300
0.273555, 12748718
0.262048, 12756340
0.247111, 12753475
0.243737, 12760578
0.258926, 12750696
0.250983, 12756016
0.24577, 12752326
0.251766, 12756375
0.252756, 12758653
0.251359, 12761568
0.256803, 12756686
0.246518, 12760456
0.253705, 12754817
0.261332, 12757602
0.243249, 12753014
0.243026, 12747158
0.265109, 12753490
0.248919, 12749075
0.256449, 12753676
0.247883, 12756389
0.244188, 12748754
0.263955, 12760633
0.257407, 12749898
0.250054, 12753472
0.254988, 12754721
0.250874, 12752141
0.25581, 12756614
0.255165, 12750844
0.25448, 12752726
0.247479, 12758245
0.257132, 12757386
0.255019, 12756154
0.248303, 12757993
0.248044, 12755838
0.248348, 12755077
0.244284, 12759071
0.256529, 12751812
0.244023, 12750382
0.257107, 12763574
0.258769, 12748013
0.246427, 12750480
0.250022, 12761619
0.244629, 12752241
0.239003, 12754770
0.252225, 12761368
0.244536, 12756162
0.250294, 12749829
0.252061, 12755307
0.240566, 12760193
0.252638, 12755489
0.249699, 12752308
0.254293, 12757516
0.245886, 12749428
0.250015, 12759031
0.239051, 12753404
0.255289, 12759547
0.250786, 12748025
0.248334, 12756737
0.2532, 12758817
0.245057, 12755280
0.252667, 12753533
0.259091, 12753547
0.24802, 12749591
0.247049, 12747346
0.25628, 12750744
0.252579, 12757261
0.250628, 12756695
0.257395, 12755064
0.246881, 12752320
0.260974, 12761275
0.255866, 12756577
0.243098, 12756493
0.262827, 12766440
0.254224, 12754987
0.254168, 12749644
0.257626, 12755860
0.24722, 12752694
0.249822, 12749660
0.256144, 12749663
0.255409, 12754058
0.253202, 12752917
0.249662, 12760903
0.242858, 12753426
0.257728, 12755240
0.252409, 12755550
0.245391, 12760003
0.249474, 12752552
0.253866, 12749123
0.248333, 12757061
0.239486, 12746105
0.25024, 12757621
