0.211632, 0.868, 0.925
0.20309, 0.875, 0.898
0.193018, 0.895, 0.902
0.201472, 0.89, 0.861
0.203715, 0.893, 0.886
0.206183, 0.863, 0.847
0.197148, 0.916, 0.9
0.210459, 0.854, 0.892
0.197172, 0.87, 0.941
0.197207, 0.86, 0.842
0.195746, 0.935, 0.953
0.1944, 0.855, 0.909
0.20272, 0.921, 0.882
0.206493, 0.866, 0.886
0.200096, 0.896, 0.933
0.206993, 0.895, 0.833
0.206866, 0.914, 0.893
0.192832, 0.916, 0.803
0.20512, 0.871, 0.941
0.19956, 0.872, 0.867
0.200133, 0.861, 0.903
0.199471, 0.878, 0.913
0.207818, 0.932, 0.839
0.211197, 0.867, 0.968
0.19784, 0.865, 0.884
0.205302, 0.9, 0.955
0.205438, 0.907, 0.884
0.200338, 0.853, 0.857
0.204756, 0.864, 0.892
0.2101, 0.898, 0.917
0.207224, 0.846, 0.907
0.219484, 0.917, 0.835
0.20157, 0.864, 0.897
0.212123, 0.898, 0.907
0.200698, 0.94, 0.882
0.19332, 0.846, 0.915
0.207246, 0.917, 0.853
0.2004, 0.876, 0.896
0.208253, 0.89, 0.893
0.201022, 0.9, 0.864
0.212074, 0.897, 0.871
0.20024, 0.884, 0.938
0.200804, 0.857, 0.872
0.199461, 0.931, 0.887
0.194697, 0.843, 0.885
0.205029, 0.883, 0.89
0.195513, 0.842, 0.876
0.215625, 0.894, 0.901
0.194667, 0.931, 0.853
0.1977, 0.857, 0.877
0.195645, 0.894, 0.902
0.201052, 0.927, 0.909
0.199817, 0.953, 0.888
0.201459, 0.873, 0.894
0.205151, 0.94, 0.899
0.19848, 0.835, 0.901
0.189474, 0.898, 0.903
0.203577, 0.868, 0.865
0.202413, 0.834, 0.898
0.201346, 0.882, 0.897
0.190745, 0.897, 0.898
0.198467, 0.917, 0.938
0.195863, 0.859, 0.856
0.216327, 0.897, 0.889
0.197043, 0.866, 0.925
0.20975, 0.891, 0.901
0.202754, 0.909, 0.854
0.202234, 0.914, 0.897
0.207805, 0.929, 0.896
0.200143, 0.861, 0.866
0.20753, 0.921, 0.934
0.196019, 0.88, 0.895
0.198114, 0.935, 0.953
0.193929, 0.877, 0.875
0.200712, 0.954, 0.906
0.204394, 0.905, 0.907
0.203068, 0.83, 0.909
0.194772, 0.934, 0.879
0.194461, 0.912, 0.889
0.199652, 0.869, 0.924
0.204735, 0.9, 0.916
0.21079, 0.866, 0.879
0.198705, 0.912, 0.907
0.220288, 0.911, 0.869
0.199134, 0.909, 0.871
0.205732, 0.911, 0.881
0.199564, 0.861, 0.95
0.205879, 0.883, 0.901
0.205713, 0.881, 0.84
0.200372, 0.904, 0.907
0.216487, 0.845, 0.901
0.199319, 0.923, 0.858
0.203398, 0.884, 0.908
0.205398, 0.889, 0.881
0.197811, 0.843, 0.911
0.197087, 0.94, 0.829
0.19513, 0.886, 0.855
0.182687, 0.909, 0.905
0.208434, 0.903, 0.928
0.195992, 0.864, 0.895
0.216832, 0.879, 0.896
0.213101, 0.864, 0.895
0.205742, 0.859, 0.928
0.192684, 0.897, 0.869
0.210697, 0.896, 0.866
0.198676, 0.927, 0.923
0.18875, 0.864, 0.879
0.195815, 0.885, 0.922
0.206508, 0.904, 0.889
0.202489, 0.926, 0.919
0.208716, 0.893, 0.896
0.206569, 0.853, 0.853
0.208377, 0.848, 0.863
0.197871, 0.916, 0.934
0.196677, 0.913, 0.883
0.19708, 0.89, 0.877
0.203279, 0.877, 0.931
0.206351, 0.892, 0.898
0.203875, 0.883, 0.916
0.201342, 0.871, 0.953
0.193363, 0.908, 0.937
0.199983, 0.886, 0.903
0.202354, 0.845, 0.94
0.195913, 0.839, 0.875
0.202575, 0.883, 0.912
0.205618, 0.879, 0.893
0.189067, 0.905, 0.855
0.220645, 0.919, 0.803
0.208009, 0.931, 0.876
0.1979, 0.889, 0.899
0.20776, 0.872, 0.882
0.20667, 0.902, 0.908
0.217798, 0.921, 0.871
0.198617, 0.919, 0.832
0.205491, 0.913, 0.868
0.200896, 0.916, 0.9
0.21084, 0.953, 0.89
0.207283, 0.825, 0.913
0.202759, 0.855, 0.876
0.20513, 0.907, 0.843
0.199375, 0.886, 0.906
0.209191, 0.926, 0.915
0.212583, 0.912, 0.917
0.199571, 0.867, 0.919
0.211047, 0.862, 0.883
0.203026, 0.956, 0.903
0.198147, 0.896, 0.933
0.195627, 0.822, 0.883
0.208271, 0.853, 0.879
0.202098, 0.878, 0.886
0.198815, 0.864, 0.906
0.200735, 0.83, 0.942
0.205401, 0.919, 0.85
0.200412, 0.86, 0.874
0.212935, 0.923, 0.846
0.207733, 0.947, 0.905
0.205455, 0.856, 0.924
0.204954, 0.851, 0.928
0.206169, 0.873, 0.9
0.201729, 0.855, 0.928
0.202983, 0.861, 0.88
0.202242, 0.861, 0.909
0.200235, 0.868, 0.872
0.210728, 0.898, 0.888
0.207207, 0.889, 0.905
0.211, 0.849, 0.897
0.208995, 0.832, 0.862
0.206122, 0.912, 0.859
0.198585, 0.822, 0.89
0.210052, 0.863, 0.909
0.198524, 0.909, 0.865
0.190707, 0.93, 0.813
0.20684, 0.904, 0.889
0.201301, 0.859, 0.879
0.201089, 0.897, 0.87
0.202621, 0.851, 0.933
0.203426, 0.898, 0.857
0.194941, 0.864, 0.882
0.200063, 0.903, 0.932
0.197487, 0.9, 0.933
0.207121, 0.861, 0.914
0.206003, 0.872, 0.861
0.19694, 0.902, 0.906
0.201856, 0.868, 0.909
0.201965, 0.921, 0.873
0.199267, 0.901, 0.844
0.197703, 0.874, 0.878
0.200611, 0.915, 0.863
0.2055, 0.86, 0.864
0.207259, 0.891, 0.848
0.201075, 0.904, 0.942
0.201273, 0.922, 0.777
0.20774, 0.852, 0.832
0.187846, 0.878, 0.963
0.202311, 0.901, 0.856
0.215951, 0.907, 0.898
0.202903, 0.885, 0.864
0.193569, 0.976, 0.918
0.199746, 0.857, 0.835
0.195034, 0.902, 0.875
0.21268, 0.939, 0.852
0.206922, 0.899, 0.865
0.196379, 0.903, 0.922
0.197208, 0.948, 0.905
0.211085, 0.938, 0.886
0.197428, 0.913, 0.871
0.209791, 0.822, 0.875
0.203993, 0.944, 0.877
0.204162, 0.903, 0.939
0.209475, 0.845, 0.875
0.200716, 0.885, 0.864
0.200367, 0.905, 0.853
0.210854, 0.919, 0.911
0.206146, 0.917, 0.898
0.196842, 0.888, 0.89
0.209366, 0.937, 0.875
0.196684, 0.849, 0.868
0.208397, 0.842, 0.896
0.196054, 0.871, 0.87
0.204611, 0.915, 0.901
0.204193, 0.878, 0.854
0.204451, 0.895, 0.916
0.20353, 0.912, 0.89
0.208796, 0.855, 0.93
0.20396, 0.829, 0.906
0.189713, 0.924, 0.889
0.205168, 0.888, 0.892
0.198476, 0.884, 0.95
0.209573, 0.893, 0.91
0.199727, 0.891, 0.875
0.194876, 0.888, 0.865
0.206095, 0.945, 0.904
0.202418, 0.904, 0.888
0.194425, 0.843, 0.898
0.204001, 0.868, 0.843
0.19375, 0.843, 0.88
0.204076, 0.87, 0.942
0.21646, 0.875, 0.893
0.204412, 0.895, 0.934
0.202441, 0.867, 0.839
0.206252, 0.908, 0.813
0.200928, 0.913, 0.927
0.202158, 0.859, 0.881
0.193151, 0.922, 0.851
0.218336, 0.831, 0.898
0.217849, 0.914, 0.886
0.198282, 0.894, 0.878
0.205413, 0.894, 0.884
0.191886, 0.92, 0.865
0.208109, 0.885, 0.893
0.197731, 0.941, 0.897
0.200514, 0.864, 0.95
0.197786, 0.907, 0.901
0.208698, 0.87, 0.869
0.20207, 0.904, 0.925
0.205883, 0.905, 0.896
0.201353, 0.912, 0.894
0.198065, 0.87, 0.845
0.181532, 0.881, 0.841
0.205341, 0.855, 0.882
0.196851, 0.821, 0.904
0.201625, 0.943, 0.881
0.202219, 0.929, 0.908
0.205706, 0.832, 0.834
0.190207, 0.917, 0.868
0.206523, 0.897, 0.903
0.194677, 0.906, 0.86
0.211313, 0.965, 0.938
0.196884, 0.893, 0.913
0.199682, 0.878, 0.928
0.198868, 0.874, 0.924
0.200245, 0.891, 0.908
0.199019, 0.894, 0.899
0.205977, 0.886, 0.89
0.208617, 0.918, 0.905
0.209333, 0.908, 0.887
0.205927, 0.871, 0.948
0.191669, 0.902, 0.884
0.19798, 0.892, 0.905
0.20352, 0.859, 0.838
0.196776, 0.839, 0.919
0.19368, 0.925, 0.95
0.195408, 0.887, 0.915
0.193261, 0.878, 0.876
0.201199, 0.879, 0.87
0.201924, 0.942, 0.833
0.209528, 0.885, 0.938
0.204983, 0.836, 0.883
0.199847, 0.848, 0.852
0.19715, 0.855, 0.915
0.204716, 0.876, 0.842
0.210948, 0.909, 0.919
0.198811, 0.858, 0.891
0.202548, 0.933, 0.912
0.19034, 0.892, 0.963
0.195492, 0.881, 0.874
0.206506, 0.88, 0.911
0.188265, 0.884, 0.899
0.20453, 0.859, 0.86
0.199775, 0.887, 0.914
0.201423, 0.864, 0.851
0.199709, 0.873, 0.914
0.202397, 0.894, 0.841
0.189539, 0.848, 0.898
0.195377, 0.863, 0.91
0.20267, 0.901, 0.912
0.198507, 0.852, 0.888
0.203359, 0.909, 0.963
0.19934, 0.839, 0.912
0.198428, 0.895, 0.909
0.202249, 0.888, 0.899
0.205343, 0.852, 0.907
0.198571, 0.921, 0.905
0.201515, 0.894, 0.885
0.203257, 0.906, 0.839
0.193787, 0.915, 0.891
0.199086, 0.882, 0.891
0.199077, 0.876, 0.903
0.203272, 0.88, 0.941
0.190841, 0.85, 0.896
0.195133, 0.899, 0.913
0.204828, 0.915, 0.938
0.213918, 0.888, 0.935
0.199335, 0.884, 0.894
0.213806, 0.95, 0.854
0.204026, 0.877, 0.882
0.191788, 0.875, 0.905
0.208128, 0.89, 0.898
0.209689, 0.841, 0.854
0.198815, 0.902, 0.964
0.194701, 0.932, 0.92
0.198791, 0.859, 0.906
0.210883, 0.896, 0.855
0.204207, 0.939, 0.884
0.203419, 0.908, 0.874
0.196638, 0.881, 0.891
0.209883, 0.907, 0.911
0.195903, 0.9, 0.906
0.199746, 0.925, 0.897
0.202445, 0.867, 0.881
0.197768, 0.894, 0.859
0.190291, 0.896, 0.864
0.196975, 0.909, 0.889
0.19818, 0.897, 0.86
0.20892, 0.876, 0.918
0.208142, 0.89, 0.894
0.205217, 0.927, 0.868
0.200171, 0.866, 0.828
0.202948, 0.903, 0.911
0.208084, 0.889, 0.895
0.199654, 0.833, 0.944
0.21112, 0.915, 0.878
0.193388, 0.931, 0.901
0.194557, 0.894, 0.879
0.197735, 0.905, 0.925
0.203289, 0.896, 0.911
0.205578, 0.919, 0.881
0.199329, 0.909, 0.89
0.204613, 0.871, 0.886
0.204913, 0.848, 0.838
0.198226, 0.955, 0.899
0.196572, 0.894, 0.89
0.197775, 0.877, 0.874
0.212792, 0.912, 0.972
0.207971, 0.94, 0.92
0.19197, 0.889, 0.874
0.192528, 0.898, 0.861
0.202045, 0.832, 0.912
0.201621, 0.923, 0.911
0.209697, 0.83, 0.914
0.208842, 0.926, 0.919
0.200694, 0.874, 0.879
0.208057, 0.875, 0.885
0.203061, 0.845, 0.855
0.205605, 0.905, 0.871
0.1983, 0.893, 0.876
0.200011, 0.871, 0.871
0.189479, 0.873, 0.911
0.204167, 0.907, 0.865
0.206755, 0.965, 0.872
0.19285, 0.877, 0.972
0.195274, 0.877, 0.93
0.202605, 0.904, 0.886
0.203197, 0.845, 0.869
0.207347, 0.869, 0.878
0.201522, 0.913, 0.885
0.207121, 0.873, 0.897
0.199794, 0.896, 0.878
0.201915, 0.891, 0.919
0.209052, 0.877, 0.917
0.210752, 0.897, 0.855
0.20822, 0.895, 0.909
0.203549, 0.861, 0.872
0.196493, 0.873, 0.918
0.194967, 0.858, 0.837
0.20567, 0.863, 0.884
0.200695, 0.845, 0.852
0.191666, 0.923, 0.839
0.198563, 0.876, 0.899
0.202413, 0.865, 0.919
0.197979, 0.903, 0.883
0.209673, 0.873, 0.883
0.188337, 0.856, 0.894
0.197814, 0.913, 0.866
0.200021, 0.939, 0.858
0.204508, 0.886, 0.88
0.199341, 0.908, 0.898
0.211295, 0.924, 0.95
0.200968, 0.944, 0.895
0.220417, 0.899, 0.921
0.199686, 0.89, 0.891
0.204526, 0.896, 0.879
0.204504, 0.919, 0.939
0.205729, 0.827, 0.896
0.201043, 0.824, 0.916
0.204858, 0.908, 0.855
0.204365, 0.856, 0.897
0.207252, 0.903, 0.902
0.204579, 0.931, 0.917
0.194066, 0.866, 0.936
0.203994, 0.878, 0.851
0.1854, 0.876, 0.889
0.194654, 0.922, 0.851
0.207079, 0.832, 0.893
0.213324, 0.928, 0.902
0.209578, 0.894, 0.844
0.202331, 0.953, 0.884
0.206089, 0.911, 0.889
0.20216, 0.85, 0.85
0.212308, 0.869, 0.9
0.196494, 0.885, 0.894
0.196964, 0.874, 0.883
0.204341, 0.896, 0.863
0.190658, 0.901, 0.874
0.204126, 0.923, 0.884
0.208275, 0.939, 0.856
0.208522, 0.873, 0.864
0.185126, 0.839, 0.914
0.200336, 0.868, 0.896
0.206708, 0.912, 0.872
0.200273, 0.877, 0.9
0.192256, 0.949, 0.895
0.208547, 0.912, 0.876
0.203392, 0.919, 0.923
0.197156, 0.918, 0.941
0.204864, 0.915, 0.911
0.204219, 0.876, 0.872
0.19318, 0.951, 0.859
0.201183, 0.888, 0.955
0.209273, 0.897, 0.891
0.20235, 0.874, 0.876
0.201271, 0.805, 0.89
0.200453, 0.85, 0.9
0.21223, 0.834, 0.904
0.203869, 0.877, 0.882
0.191982, 0.92, 0.899
0.216364, 0.89, 0.915
0.204387, 0.882, 0.867
0.203123, 0.858, 0.887
0.197977, 0.846, 0.909
0.201358, 0.856, 0.865
0.204233, 0.89, 0.889
0.20707, 0.904, 0.854
0.19341, 0.907, 0.899
0.207367, 0.908, 0.897
0.203792, 0.91, 0.851
0.195652, 0.867, 0.899
0.208452, 0.935, 0.887
0.2067, 0.906, 0.894
0.197858, 0.934, 0.863
0.203294, 0.882, 0.887
0.204822, 0.883, 0.836
0.201981, 0.859, 0.866
0.213529, 0.909, 0.891
0.214633, 0.926, 0.913
0.209805, 0.922, 0.91
0.202919, 0.852, 0.868
0.200793, 0.887, 0.871
0.205231, 0.872, 0.889
0.205932, 0.911, 0.917
0.199586, 0.904, 0.895
0.197411, 0.933, 0.867
0.203278, 0.87, 0.916
0.19686, 0.845, 0.851
0.204229, 0.883, 0.865
0.202297, 0.919, 0.897
0.212446, 0.876, 0.907
0.197252, 0.877, 0.964
0.191201, 0.894, 0.86
0.217612, 0.925, 0.875
0.20784, 0.832, 0.929
0.207755, 0.896, 0.927
0.203007, 0.941, 0.931
0.196338, 0.87, 0.903
0.204583, 0.94, 0.87
0.190963, 0.915, 0.892
0.196779, 0.907, 0.884
0.198492, 0.884, 0.874
0.199922, 0.921, 0.875
0.195528, 0.865, 0.893
